# t    x    y    z    z_dot    theta    theta_dot    Energia
  0.000000       0.175000      -0.303109       0.050000       0.100000       0.523599       0.200000      -0.284105
  0.100000       0.172240      -0.332851       0.074775       0.363486       0.477525      -1.055970      -0.284133
  0.200000       0.135512      -0.392288       0.115034       0.399169       0.332606      -1.754683      -0.284186
  0.300000       0.062850      -0.441413       0.145865       0.186542       0.141434      -2.022639      -0.284239
  0.400000      -0.029304      -0.447152       0.148111      -0.137926      -0.065441      -2.087037      -0.284288
  0.500000      -0.112516      -0.406534       0.121817      -0.354981      -0.270010      -1.954147      -0.284339
  0.600000      -0.164914      -0.347814       0.084930      -0.348236      -0.442749      -1.409009      -0.284368
  0.700000      -0.181772      -0.309232       0.058700      -0.154921      -0.531414      -0.280278      -0.284423
  0.800000      -0.168506      -0.315797       0.057942       0.147505      -0.490156       1.077892      -0.284480
  0.900000      -0.127610      -0.366387       0.087974       0.425766      -0.335153       1.898525      -0.284537
  1.000000      -0.058679      -0.429834       0.133821       0.430415      -0.135676       2.014464      -0.284678
  1.100000       0.027053      -0.460259       0.161053       0.074935       0.058710       1.859698      -0.284784
  1.200000       0.103793      -0.432534       0.144813      -0.377504       0.235511       1.665006      -0.284911
  1.300000       0.148926      -0.365649       0.094814      -0.557796       0.386776       1.299578      -0.285033
  1.400000       0.159731      -0.308810       0.047674      -0.329166       0.477349       0.406088      -0.285164
  1.500000       0.147820      -0.304405       0.038398       0.158477       0.452065      -0.902726      -0.285328
  1.600000       0.118022      -0.358963       0.077867       0.581348       0.317653      -1.649897      -0.285494
  1.700000       0.064567      -0.434619       0.139388       0.561490       0.147480      -1.693839      -0.285756
  1.800000      -0.007850      -0.472664       0.172729       0.060870      -0.016606      -1.593428      -0.285951
  1.900000      -0.077648      -0.442004       0.148773      -0.498582      -0.173897      -1.554420      -0.286180
  2.000000      -0.123768      -0.367109       0.087411      -0.641342      -0.325176      -1.412644      -0.286389
  2.100000      -0.143156      -0.306547       0.038326      -0.284392      -0.436897      -0.696217      -0.286560
  2.200000      -0.145160      -0.304928       0.037717       0.265757      -0.444300       0.553721      -0.286742
  2.300000      -0.129752      -0.362653       0.085166       0.618416      -0.343592       1.347191      -0.286912
  2.400000      -0.086482      -0.436180       0.144671       0.491281      -0.195733       1.559541      -0.287130
  2.500000      -0.016802      -0.468777       0.169078      -0.028568      -0.035826       1.640009      -0.287302
  2.600000       0.058863      -0.436165       0.140119      -0.498480       0.134146       1.753592      -0.287504
  2.700000       0.117501      -0.366086       0.084481      -0.536983       0.310580       1.700273      -0.287660
  2.800000       0.151265      -0.312124       0.046846      -0.182494       0.451278       0.980064      -0.287778
  2.900000       0.163665      -0.310133       0.050669       0.241547       0.485581      -0.313114      -0.287884
  3.000000       0.151625      -0.358010       0.088795       0.472968       0.400618      -1.293754      -0.287950
  3.100000       0.105884      -0.420802       0.133919       0.376536       0.246507      -1.724596      -0.288046
  3.200000       0.029158      -0.453769       0.154705       0.020919       0.064169      -1.900439      -0.288121
  3.300000      -0.057139      -0.434504       0.138245      -0.319915      -0.130753      -1.972592      -0.288207
  3.400000      -0.126752      -0.378996       0.099630      -0.404757      -0.322748      -1.794300      -0.288265
  3.500000      -0.166004      -0.326630       0.066393      -0.233297      -0.470211      -1.046574      -0.288310
  3.600000      -0.175121      -0.310801       0.056741       0.043919      -0.513111       0.229585      -0.288366
  3.700000      -0.155882      -0.341006       0.074945       0.305173      -0.428761       1.380348      -0.288393
  3.800000      -0.105874      -0.398877       0.112689       0.408594      -0.259447       1.907983      -0.288457
  3.900000      -0.028320      -0.445780       0.146678       0.227861      -0.063445       1.967188      -0.288536
  4.000000       0.057854      -0.447365       0.151090      -0.145197       0.128608       1.856429      -0.288606
  4.100000       0.125859      -0.401022       0.120309      -0.431409       0.304109       1.614930      -0.288690
  4.200000       0.159753      -0.339476       0.075186      -0.419396       0.439841       1.012088      -0.288757
  4.300000       0.162133      -0.306406       0.046658      -0.118419       0.486691      -0.145411      -0.288871
  4.400000       0.141765      -0.326827       0.056249       0.305028       0.409268      -1.327556      -0.288962
  4.500000       0.098718      -0.389946       0.102248       0.555709       0.247950      -1.782358      -0.289123
  4.600000       0.031824      -0.450877       0.151999       0.368877       0.070465      -1.733243      -0.289301
  4.700000      -0.044860      -0.461814       0.163988      -0.143232      -0.096835      -1.615776      -0.289451
  4.800000      -0.106848      -0.412879       0.126480      -0.550727      -0.253233      -1.492260      -0.289631
  4.900000      -0.139204      -0.341856       0.069111      -0.521879      -0.386698      -1.089867      -0.289769
  5.000000      -0.145825      -0.302749       0.036039      -0.103261      -0.448876      -0.063955      -0.289947
  5.100000      -0.135486      -0.324831       0.051954       0.400155      -0.395158       1.068888      -0.290080
  5.200000      -0.104680      -0.392909       0.106615       0.618142      -0.260375       1.524707      -0.290287
  5.300000      -0.047786      -0.455482       0.157982       0.339235      -0.104531       1.568428      -0.290484
  5.400000       0.024496      -0.463312       0.163959      -0.219963       0.052822       1.584293      -0.290662
  5.500000       0.089047      -0.410911       0.120449      -0.581605       0.213407       1.605541      -0.290866
  5.600000       0.129898      -0.340585       0.064516      -0.465382       0.364366       1.314226      -0.290999
  5.700000       0.147869      -0.305253       0.039182      -0.021724       0.451103       0.320902      -0.291161
  5.800000       0.147505      -0.328419       0.060023       0.406288       0.422136      -0.847274      -0.291259
  5.900000       0.122286      -0.391653       0.110300       0.533597       0.302639      -1.452247      -0.291393
  6.000000       0.065655      -0.447677       0.152465       0.258035       0.145620      -1.656623      -0.291521
  6.100000      -0.011865      -0.454758       0.154912      -0.202175      -0.026085      -1.770829      -0.291637
  6.200000      -0.085998      -0.409495       0.118427      -0.471006      -0.207001      -1.811666      -0.291765
  6.300000      -0.137355      -0.347653       0.073804      -0.370186      -0.376269      -1.471607      -0.291831
  6.400000      -0.161928      -0.313010       0.052415      -0.046027      -0.477411      -0.457244      -0.291922
  6.500000      -0.161672      -0.326703       0.064517       0.269524      -0.459527       0.784062      -0.291967
  6.600000      -0.132687      -0.378085       0.100692       0.413522      -0.337516       1.564118      -0.292017
  6.700000      -0.071564      -0.431848       0.137738       0.284635      -0.164223       1.845935      -0.292088
  6.800000       0.010841      -0.450089       0.150219      -0.046377       0.024083       1.896556      -0.292146
  6.900000       0.089967      -0.419930       0.129459      -0.339294       0.211053       1.809153      -0.292214
  7.000000       0.143568      -0.363348       0.090683      -0.392327       0.376297       1.419179      -0.292260
  7.100000       0.164859      -0.319719       0.059720      -0.197980       0.476079       0.486347      -0.292322
  7.200000       0.158435      -0.318581       0.055803       0.125804       0.461496      -0.772524      -0.292390
  7.300000       0.126680      -0.362497       0.083995       0.409214       0.336197      -1.626909      -0.292447
  7.400000       0.067934      -0.423058       0.128478       0.422477       0.159218      -1.837502      -0.292569
  7.500000      -0.009894      -0.456098       0.156205       0.094323      -0.021689      -1.762339      -0.292667
  7.600000      -0.084464      -0.435265       0.143384      -0.331372      -0.191669      -1.624254      -0.292777
  7.700000      -0.133503      -0.375259       0.098299      -0.510882      -0.341799      -1.322909      -0.292883
  7.800000      -0.150976      -0.320714       0.054473      -0.314451      -0.439976      -0.543056      -0.292987
  7.900000      -0.144745      -0.311982       0.043925       0.116751      -0.434397       0.663795      -0.293120
  8.000000      -0.119099      -0.357405       0.076727       0.498752      -0.321660       1.478235      -0.293236
  8.100000      -0.069719      -0.425336       0.131012       0.511548      -0.162471       1.637951      -0.293429
  8.200000      -0.000550      -0.463631       0.163631       0.097433      -0.001186       1.581766      -0.293581
  8.300000       0.068819      -0.441451       0.146783      -0.404523       0.154648       1.531383      -0.293749
  8.400000       0.117303      -0.376322       0.094180      -0.572993       0.302165       1.366084      -0.293908
  8.500000       0.139013      -0.319002       0.047975      -0.297249       0.410963       0.701061      -0.294039
  8.600000       0.140815      -0.312070       0.042369       0.186331       0.423875      -0.459840      -0.294190
  8.700000       0.124184      -0.360311       0.081111       0.536251       0.331909      -1.278809      -0.294315
  8.800000       0.081744      -0.427683       0.135425       0.476437       0.188854      -1.523908      -0.294493
  8.900000       0.015394      -0.462256       0.162512       0.033713       0.033289      -1.580877      -0.294634
  9.000000      -0.056212      -0.437552       0.141148      -0.422038      -0.127769      -1.632268      -0.294794
  9.100000      -0.111347      -0.374390       0.090597      -0.518080      -0.289079      -1.531370      -0.294928
  9.200000      -0.141715      -0.321611       0.051449      -0.224761      -0.415044      -0.873074      -0.295032
  9.300000      -0.150669      -0.316244       0.050302       0.193582      -0.444618       0.304632      -0.295141
  9.400000      -0.137218      -0.359996       0.085261       0.460174      -0.364165       1.217877      -0.295214
  9.500000      -0.094123      -0.420472       0.130878       0.395165      -0.220220       1.598156      -0.295321
  9.600000      -0.023947      -0.453103       0.153736       0.038258      -0.052802       1.730906      -0.295407
  9.700000       0.054044      -0.434429       0.137777      -0.328056       0.123766       1.780480      -0.295503
  9.800000       0.116319      -0.380036       0.097438      -0.425758       0.297019       1.619065      -0.295577
  9.900000       0.151218      -0.330116       0.063102      -0.228840       0.429549       0.928230      -0.295636
 10.000000       0.159630      -0.318270       0.056059       0.089036       0.464889      -0.254149      -0.295705
 10.100000       0.142366      -0.351495       0.079232       0.348919       0.384834      -1.270072      -0.295742
 10.200000       0.095859      -0.407355       0.118482       0.389755       0.231116      -1.723692      -0.295814
 10.300000       0.023549      -0.446554       0.147175       0.149132       0.052687      -1.810475      -0.295883
 10.400000      -0.056042      -0.440178       0.143731      -0.210392      -0.126636      -1.755976      -0.295952
 10.500000      -0.118671      -0.392658       0.110199      -0.416866      -0.293497      -1.532840      -0.296022
 10.600000      -0.150935      -0.338458       0.070587      -0.331781      -0.419479      -0.897597      -0.296078
 10.700000      -0.154635      -0.315914       0.051730      -0.025468      -0.455201       0.231599      -0.296168
 10.800000      -0.134889      -0.341823       0.067475       0.325258      -0.375857       1.279002      -0.296229
 10.900000      -0.090471      -0.400080       0.110182       0.474371      -0.222393       1.695494      -0.296344
 11.000000      -0.022991      -0.448703       0.149291       0.254321      -0.051194       1.696311      -0.296461
 11.100000       0.051522      -0.449799       0.152740      -0.187483       0.114048       1.601275      -0.296569
 11.200000       0.109853      -0.401531       0.116287      -0.489758       0.267050       1.425418      -0.296690
 11.300000       0.139201      -0.340591       0.067939      -0.417094       0.387987       0.906104      -0.296785
 11.400000       0.142989      -0.312660       0.043805      -0.038916       0.428934      -0.147339      -0.296921
 11.500000       0.127569      -0.339069       0.062273       0.385401       0.359851      -1.157476      -0.297019
 11.600000       0.090149      -0.401831       0.111819       0.538165       0.220692      -1.536395      -0.297181
 11.700000       0.029544      -0.453534       0.154495       0.257263       0.065050      -1.553728      -0.297331
 11.800000      -0.040413      -0.453249       0.155047      -0.241036      -0.088927      -1.524463      -0.297473
 11.900000      -0.097729      -0.401270       0.113000      -0.536880      -0.238899      -1.443141      -0.297628
 12.000000      -0.129894      -0.338746       0.062796      -0.404208      -0.366162      -1.007904      -0.297738
 12.100000      -0.139524      -0.312932       0.042627       0.018689      -0.419407       0.008627      -0.297883
 12.200000      -0.130753      -0.342150       0.066283       0.421226      -0.365025       1.009127      -0.297980
 12.300000      -0.098346      -0.404488       0.116272       0.511325      -0.238509       1.441753      -0.298124
 12.400000      -0.039850      -0.452429       0.154180       0.198547      -0.087854       1.549087      -0.298254
 12.500000       0.031408      -0.449020       0.150117      -0.265877       0.069834       1.598911      -0.298380
 12.600000       0.093184      -0.398137       0.108896      -0.497049       0.229911       1.562792      -0.298510
 12.700000       0.131554      -0.339975       0.064540      -0.338075       0.369208       1.123083      -0.298593
 12.800000       0.146583      -0.316974       0.049227       0.040490       0.433154       0.090708      -0.298703
 12.900000       0.140114      -0.343811       0.071266       0.369802       0.386984      -0.954744      -0.298765
 13.000000       0.106916      -0.400262       0.114296       0.436586       0.261020      -1.486121      -0.298856
 13.100000       0.045571      -0.444789       0.147118       0.180678       0.102100      -1.660078      -0.298941
 13.200000      -0.029964      -0.444488       0.145497      -0.203824      -0.067311      -1.712323      -0.299023
 13.300000      -0.096551      -0.400710       0.112178      -0.415133      -0.236444      -1.625887      -0.299105
 13.400000      -0.138245      -0.346778       0.073318      -0.319101      -0.379347      -1.140433      -0.299157
 13.500000      -0.153044      -0.320808       0.055444      -0.025133      -0.445127      -0.110911      -0.299233
 13.600000      -0.143389      -0.339918       0.068923       0.278525      -0.399187       0.981107      -0.299278
 13.700000      -0.107015      -0.391085       0.105463       0.408897      -0.267097       1.573059      -0.299343
 13.800000      -0.043962      -0.438233       0.140432       0.246538      -0.099982       1.724386      -0.299421
 13.900000       0.032259      -0.446415       0.147579      -0.110006       0.072136       1.699800      -0.299490
 14.000000       0.098573      -0.409184       0.120890      -0.386644       0.236397       1.550594      -0.299567
 14.100000       0.138130      -0.354132       0.080118      -0.380398       0.371902       1.081449      -0.299625
 14.200000       0.149145      -0.321150       0.054092      -0.112877       0.434771       0.106310      -0.299710
 14.300000       0.136768      -0.334165       0.061070       0.245769       0.388484      -0.988471      -0.299779
 14.400000       0.101052      -0.385589       0.098610       0.458126       0.256307      -1.557758      -0.299870
 14.500000       0.041355      -0.438660       0.140605       0.324761       0.093997      -1.643407      -0.299988
 14.600000      -0.030625      -0.452503       0.153538      -0.081455      -0.067577      -1.578227      -0.300086
 14.700000      -0.092952      -0.415567       0.125836      -0.431497      -0.220053      -1.447188      -0.300200
 14.800000      -0.129475      -0.356110       0.078917      -0.446293      -0.348723      -1.052656      -0.300291
 14.900000      -0.139603      -0.319137       0.048336      -0.131120      -0.412359      -0.143593      -0.300407
 15.000000      -0.129554      -0.332396       0.056751       0.288280      -0.371647       0.914126      -0.300504
 15.100000      -0.098552      -0.387276       0.099619       0.511753      -0.249186       1.440690      -0.300631
 15.200000      -0.044026      -0.442763       0.144946       0.332716      -0.099110       1.524162      -0.300772
 15.300000       0.023884      -0.455270       0.155896      -0.124158       0.052413       1.501726      -0.300895
 15.400000       0.084316      -0.414842       0.123324      -0.476685       0.200518       1.437716      -0.301034
 15.500000       0.121771      -0.353685       0.074060      -0.443997       0.331581       1.105196      -0.301138
 15.600000       0.135510      -0.318681       0.046295      -0.082932       0.402058       0.224127      -0.301264
 15.700000       0.130249      -0.335313       0.059721       0.330797       0.370501      -0.813145      -0.301359
 15.800000       0.103099      -0.391012       0.104376       0.502228       0.257804      -1.355397      -0.301480
 15.900000       0.050474      -0.443448       0.146311       0.281346       0.113334      -1.500524      -0.301605
 16.000000      -0.017714      -0.451982       0.152329      -0.162415      -0.039173      -1.542429      -0.301717
 16.100000      -0.080566      -0.410746       0.118573      -0.460320      -0.193687      -1.518895      -0.301839
 16.200000      -0.122038      -0.352782       0.073294      -0.388299      -0.333045      -1.183424      -0.301922
 16.300000      -0.139859      -0.321561       0.050660      -0.045140      -0.410259      -0.282549      -0.302027
 16.400000      -0.136721      -0.338459       0.065030       0.310469      -0.383909       0.771800      -0.302095
 16.500000      -0.109119      -0.390320       0.105286       0.442932      -0.272604       1.373341      -0.302179
 16.600000      -0.054320      -0.438613       0.141963       0.244847      -0.123218       1.575553      -0.302269
 16.700000       0.016959      -0.447081       0.147402      -0.137007       0.037915       1.632139      -0.302349
 16.800000       0.083204      -0.410143       0.118498      -0.397773       0.200149       1.577634      -0.302435
 16.900000       0.127259      -0.356579       0.078607      -0.352371       0.342799       1.193434      -0.302492
 17.000000       0.145350      -0.325414       0.056400      -0.072672       0.420076       0.278731      -0.302569
 17.100000       0.139905      -0.337856       0.065677       0.245060       0.392599      -0.796830      -0.302621
 17.200000       0.109241      -0.385028       0.100225       0.403965       0.276458      -1.441652      -0.302682
 17.300000       0.052241      -0.433179       0.136317       0.272286       0.120020      -1.638947      -0.302761
 17.400000      -0.020133      -0.446448       0.146902      -0.071217      -0.045066      -1.643795      -0.302828
 17.500000      -0.086379      -0.414720       0.123620      -0.360601      -0.205346      -1.530787      -0.302903
 17.600000      -0.128859      -0.361930       0.084185      -0.379876      -0.342039      -1.131118      -0.302961
 17.700000      -0.143782      -0.326802       0.057033      -0.134843      -0.414478      -0.244958      -0.303037
 17.800000      -0.135251      -0.334675       0.060971       0.209006      -0.384059       0.825594      -0.303104
 17.900000      -0.103626      -0.381050       0.094889       0.427287      -0.265527       1.453976      -0.303179
 18.000000      -0.047994      -0.432738       0.135391       0.328495      -0.110455       1.597363      -0.303282
 18.100000       0.021605      -0.450194       0.150712      -0.040718       0.047953       1.556836      -0.303369
 18.200000       0.084469      -0.419255       0.127679      -0.385296       0.198813       1.437164      -0.303467
 18.300000       0.123645      -0.363579       0.084029      -0.430925       0.327808       1.075830      -0.303548
 18.400000       0.136472      -0.325375       0.052836      -0.157670       0.397144       0.235173      -0.303647
 18.500000       0.128240      -0.333274       0.057096       0.236706       0.367324      -0.802380      -0.303736
 18.600000       0.099138      -0.382518       0.095156       0.474187       0.253593      -1.381227      -0.303839
 18.700000       0.047063      -0.436529       0.139059       0.343747       0.107397      -1.499562      -0.303966
 18.800000      -0.018947      -0.453019       0.153415      -0.072736      -0.041799      -1.475948      -0.304074
 18.900000      -0.079061      -0.418727       0.126125      -0.430353      -0.186616      -1.399351      -0.304194
 19.000000      -0.117273      -0.360872       0.079449      -0.441075      -0.314206      -1.082562      -0.304290
 19.100000      -0.131481      -0.324086       0.049741      -0.120758      -0.385410      -0.263599      -0.304403
 19.200000      -0.126257      -0.335696       0.058654       0.284490      -0.359738       0.745418      -0.304496
 19.300000      -0.100069      -0.387107       0.099832       0.483430      -0.252966       1.305842      -0.304604
 19.400000      -0.049885      -0.439200       0.142024       0.303924      -0.113098       1.454135      -0.304725
 19.500000       0.015359      -0.451275       0.151536      -0.121134       0.034021       1.479690      -0.304831
 19.600000       0.075967      -0.414286       0.121193      -0.438120       0.181353       1.441464      -0.304947
 19.700000       0.116109      -0.358006       0.076364      -0.400276       0.313619       1.127473      -0.305033
 19.800000       0.133104      -0.325387       0.051558      -0.071978       0.388295       0.289853      -0.305135
 19.900000       0.129885      -0.339643       0.063631       0.294039       0.365257      -0.718413      -0.305210
 20.000000       0.103773      -0.389596       0.103180       0.444798       0.260317      -1.301826      -0.305297
 20.100000       0.052156      -0.437540       0.140637       0.256320       0.118642      -1.493546      -0.305392
 20.200000      -0.015173      -0.446838       0.147095      -0.129853      -0.033944      -1.544545      -0.305476
 20.300000      -0.078017      -0.411064       0.118402      -0.400180      -0.187561      -1.495829      -0.305567
 20.400000      -0.120091      -0.358549       0.078126      -0.355496      -0.323192      -1.138730      -0.305629
 20.500000      -0.137776      -0.328368       0.056101      -0.065233      -0.397270      -0.272108      -0.305710
 20.600000      -0.133216      -0.341455       0.066522       0.257916      -0.371979       0.747123      -0.305767
 20.700000      -0.104407      -0.387993       0.101795       0.403091      -0.262868       1.356562      -0.305831
 20.800000      -0.050152      -0.433824       0.136714       0.251077      -0.115092       1.555340      -0.305908
 20.900000       0.018919      -0.444447       0.144850      -0.094905       0.042541       1.578986      -0.305976
 21.000000       0.082321      -0.412011       0.120155      -0.362595       0.197205       1.481552      -0.306049
 21.100000       0.123504      -0.361461       0.081978      -0.354196       0.329244       1.086665      -0.306104
 21.200000       0.138733      -0.330122       0.058089      -0.099603       0.397839       0.218364      -0.306177
 21.300000       0.131004      -0.340447       0.064782       0.224463       0.367334      -0.798408      -0.306234
 21.400000       0.099886      -0.385596       0.098324       0.404337       0.253470      -1.395873      -0.306301
 21.500000       0.045029      -0.432809       0.135145       0.283579       0.103665      -1.553799      -0.306387
 21.600000      -0.022957      -0.446015       0.146606      -0.067147      -0.051426      -1.531419      -0.306461
 21.700000      -0.083924      -0.414634       0.123043      -0.369314      -0.199708      -1.406290      -0.306543
 21.800000      -0.121880      -0.362692       0.082623      -0.387561      -0.324186      -1.015512      -0.306609
 21.900000      -0.134111      -0.329346       0.055605      -0.122839      -0.386702      -0.168306      -0.306696
 22.000000      -0.124844      -0.339514       0.061740       0.237330      -0.352369       0.821800      -0.306769
 22.100000      -0.094063      -0.386696       0.097972       0.439765      -0.238613       1.368474      -0.306856
 22.200000      -0.041029      -0.435850       0.137777       0.302203      -0.093860       1.484873      -0.306962
 22.300000       0.024082      -0.448520       0.149166      -0.086846       0.053640       1.453585      -0.307054
 22.400000       0.081775      -0.414382       0.122374      -0.408243       0.194839       1.345265      -0.307156
 22.500000       0.117184      -0.360252       0.078832      -0.405502       0.314488       0.978851      -0.307238
 22.600000       0.128681      -0.327781       0.052136      -0.098835       0.374096       0.147007      -0.307340
 22.700000       0.120484      -0.341448       0.062081       0.283030       0.339224      -0.806254      -0.307423
 22.800000       0.091447      -0.391471       0.102010       0.461426       0.229483      -1.308330      -0.307525
 22.900000       0.040176      -0.439688       0.141519       0.275397       0.091122      -1.424046      -0.307637
 23.000000      -0.023172      -0.448085       0.148683      -0.137162      -0.051668      -1.422217      -0.307736
 23.100000      -0.079475      -0.410178       0.117807      -0.432997      -0.191385      -1.344352      -0.307844
 23.200000      -0.114698      -0.356307       0.074313      -0.380429      -0.311433      -0.982450      -0.307927
 23.300000      -0.127454      -0.327913       0.051812      -0.046895      -0.370711      -0.139590      -0.308030
 23.400000      -0.120775      -0.345809       0.066293       0.314745      -0.336011       0.791777      -0.308106
 23.500000      -0.092186      -0.396330       0.106910       0.442843      -0.228534       1.283790      -0.308201
 23.600000      -0.040423      -0.440724       0.142574       0.223891      -0.091463       1.425766      -0.308299
 23.700000       0.023618      -0.444412       0.145039      -0.172100       0.053094       1.453337      -0.308389
 23.800000       0.080626      -0.405130       0.113075      -0.419015       0.196446       1.379751      -0.308483
 23.900000       0.116796      -0.354180       0.072941      -0.333670       0.318535       0.983790      -0.308551
 24.000000       0.130339      -0.330030       0.054835      -0.012417       0.376128       0.110506      -0.308640
 24.100000       0.123165      -0.349703       0.070758       0.307847       0.338631      -0.816907      -0.308700
 24.200000       0.092569      -0.398227       0.108844       0.403987       0.228398      -1.316623      -0.308777
 24.300000       0.038392      -0.438932       0.140607       0.191082       0.087244      -1.472918      -0.308855
 24.400000      -0.027364      -0.440659       0.141508      -0.168940      -0.062018      -1.495851      -0.308929
 24.500000      -0.085036      -0.402652       0.111534      -0.386881      -0.208132      -1.388078      -0.309003
 24.600000      -0.120853      -0.354576       0.074606      -0.307253      -0.328489      -0.942262      -0.309059
 24.700000      -0.132847      -0.332118       0.057702      -0.015587      -0.380505      -0.046675      -0.309134
 24.800000      -0.122936      -0.351179       0.072075       0.283703      -0.336733       0.876972      -0.309185
 24.900000      -0.089342      -0.397910       0.107816       0.385206      -0.220865       1.367734      -0.309252
 25.000000      -0.033145      -0.437529       0.138783       0.194396      -0.075610       1.501349      -0.309325
 25.100000       0.032928      -0.439659       0.140891      -0.151182       0.074755       1.488016      -0.309392
 25.200000       0.089207      -0.402717       0.112479      -0.376545       0.217992       1.339223      -0.309461
 25.300000       0.122384      -0.355127       0.075624      -0.315713       0.331873       0.865508      -0.309517
 25.400000       0.131204      -0.332426       0.057381      -0.030423       0.375919      -0.031958      -0.309594
 25.500000       0.118484      -0.351430       0.070866       0.282823       0.325181      -0.933635      -0.309649
 25.600000       0.083230      -0.398821       0.107413       0.400195       0.205738      -1.380714      -0.309726
 25.700000       0.027018      -0.439067       0.139898       0.206335       0.061458      -1.470816      -0.309808
 25.800000      -0.037240      -0.440685       0.142256      -0.159001      -0.084304      -1.429346      -0.309885
 25.900000      -0.090327      -0.402151       0.112171      -0.399356      -0.220942      -1.268154      -0.309964
 26.000000      -0.120078      -0.353394       0.073237      -0.330471      -0.327545      -0.792037      -0.310031
 26.100000      -0.126475      -0.331530       0.054835      -0.017741      -0.364446       0.097682      -0.310121
 26.200000      -0.112779      -0.353260       0.070825       0.316248      -0.309024       0.955663      -0.310187
 26.300000      -0.077664      -0.402958       0.110374       0.421189      -0.190400       1.345265      -0.310281
 26.400000      -0.022667      -0.442530       0.143110       0.189647      -0.051177       1.411066      -0.310374
 26.500000       0.039184      -0.440543       0.142282      -0.200776       0.088711       1.374324      -0.310463
 26.600000       0.089317      -0.398520       0.108406      -0.427268       0.220479       1.224606      -0.310554
 26.700000       0.116926      -0.349667       0.068698      -0.316838       0.322703       0.745433      -0.310630
 26.800000       0.122792      -0.331523       0.053533       0.028661       0.354720      -0.142856      -0.310727
 26.900000       0.109484      -0.357823       0.074198       0.355948       0.296926      -0.953495      -0.310798
 27.000000       0.074692      -0.408819       0.115586       0.415236       0.180708      -1.306104      -0.310898
 27.100000       0.020170      -0.444858       0.145315       0.140583       0.045310      -1.378608      -0.310991
 27.200000      -0.040562      -0.437379       0.139256      -0.247978      -0.092474      -1.364072      -0.311083
 27.300000      -0.089375      -0.392709       0.102750      -0.429178      -0.223775      -1.220287      -0.311172
 27.400000      -0.116444      -0.346314       0.065366      -0.272782      -0.324362      -0.714004      -0.311247
 27.500000      -0.122584      -0.333526       0.055340       0.079819      -0.352215       0.186517      -0.311338
 27.600000      -0.109111      -0.363532       0.079553       0.370789      -0.291586       0.964696      -0.311404
 27.700000      -0.073141      -0.413408       0.119828       0.380437      -0.175111       1.305850      -0.311495
 27.800000      -0.017352      -0.444455       0.144794       0.087918      -0.039021       1.393970      -0.311576
 27.900000       0.043820      -0.432468       0.134683      -0.270553       0.100980       1.389304      -0.311659
 28.000000       0.092381      -0.387542       0.098400      -0.403844       0.234011       1.223291      -0.311735
 28.100000       0.119068      -0.344960       0.064931      -0.226575       0.332360       0.666439      -0.311801
 28.200000       0.124423      -0.336531       0.058796       0.106468       0.354135      -0.251624      -0.311878
 28.300000       0.108979      -0.367960       0.083759       0.359097       0.287940      -1.009908      -0.311933
 28.400000       0.070236      -0.415483       0.121377       0.343638       0.167463      -1.342942      -0.312010
 28.500000       0.012283      -0.442645       0.142815       0.059354       0.027741      -1.428192      -0.312079
 28.600000      -0.049470      -0.428519       0.131365      -0.267849      -0.114934      -1.404608      -0.312150
 28.700000      -0.097150      -0.384630       0.096710      -0.377842      -0.247405      -1.193440      -0.312213
 28.800000      -0.122037      -0.344898       0.065852      -0.204265      -0.340087      -0.586722      -0.312272
 28.900000      -0.124824      -0.338733       0.061001       0.109415      -0.353063       0.340179      -0.312339
 29.000000      -0.106191      -0.370509       0.085426       0.347202      -0.279126       1.073781      -0.312389
 29.100000      -0.064552      -0.416670       0.121641       0.329441      -0.153701       1.378132      -0.312462
 29.200000      -0.005254      -0.441950       0.141981       0.052392      -0.011888       1.434369      -0.312527
 29.300000       0.055671      -0.426651       0.130268      -0.266817       0.129750       1.376635      -0.312594
 29.400000       0.100786      -0.382830       0.095874      -0.374583       0.257426       1.125548      -0.312654
 29.500000       0.122368      -0.344195       0.065300      -0.201476       0.341583       0.488065      -0.312716
 29.600000       0.121920      -0.339684       0.060901       0.116435       0.344601      -0.433388      -0.312784
 29.700000       0.100583      -0.372977       0.086302       0.358424       0.263411      -1.121688      -0.312839
 29.800000       0.057330      -0.419451       0.123351       0.332811       0.135836      -1.375172      -0.312919
 29.900000      -0.001711      -0.443178       0.143181       0.038835      -0.003860      -1.397805      -0.312990
